x1 <- 6.4*10.6
x2 <- x1*4
x3 <- 377.36 - x2
x4 <- x3/10.6
x5 <- 4+x4

