F_test <- 1292.54/11
MS <- (1292.54/11)/(393.7/121)
F_test
MS